465
297
442
181
465
304
442
382
237
929
929
382
266
382
929
929
929
266
275
422
422
422
476
459
476
459
459
422
422
476
476
476
422
476
708
231
261
708
708
708
275
185
235
417
708
248
261
708
304
708
261
318
326
173
326
326
326
326
293
273
312
326
312
326
273
326
326
287
305
326
312
326
326
326
326
273
287
287
272
487
487
339
410
487
487
272
410
295
487
295
295
339
230
273
295
487
487
272
272
339
347
445
445
445
445
300
268
306
445
347
309
316
445
316
309
316
276
445
445
276
445
347
212
457
313
313
457
457
406
251
457
457
371
457
406
457
251
457
234
457
240
406
362
427
431
362
405
427
350
349
431
427
350
362
427
255
362
369
431
362
369
405
431
355
262
285
285
355
289
289
355
220
289
262
355
355
289
289
355
289
355
230
289
355
285
253
285
355
253
450
489
424
489
489
405
489
252
418
440
489
424
489
366
424
246
489
489
489
440
450
558
438
558
648
438
648
438
493
558
493
558
438
438
558
493
393
648
412
495
495
495
326
495
495
495
256
272
298
495
298
256
495
412
326
495
289
289
298
298
265
280
316
243
362
327
362
267
267
316
220
362
265
224
243
280
220
362
316
243
316
316
327
243
222
327
316
243
517
304
299
392
304
517
279
517
509
509
392
509
517
304
382
376
253
397
397
376
271
397
271
353
397
397
253
376
376
397
376
253
376
397
337
503
287
370
370
503
337
503
373
503
337
318
262
503
370
370
318
630
255
630
630
566
327
338
364
338
630
364
630
630
318
364
505
251
401
376
367
387
401
387
376
505
505
401
387
505
505
505
401
270
322
339
279
347
332
311
332
347
332
339
332
347
332
347
339
347
332
311
347
347
297
332
339
297
347
452
263
238
448
393
288
448
393
244
452
448
448
452
244
393
448
244
393
448
393
393
335
339
335
335
335
313
335
335
313
339
283
335
275
275
283
262
313
283
339
217
335
262
275
271
233
277
273
614
273
277
273
614
404
233
273
404
273
273
277
273
233
614
563
563
321
206
441
563
563
441
563
427
293
563
375
375
563
485
307
383
383
383
283
307
383
450
383
450
326
450
283
383
485
281
383
383
410
543
410
543
543
477
477
297
273
271
273
271
477
477
370
232
410
410
370
410
647
449
371
329
236
257
371
251
371
242
449
280
449
280
647
280
310
449
449
445
281
449
449
445
449
449
449
445
449
449
445
320
419
427
427
341
427
320
488
341
427
427
341
229
336
488
488
427
499
429
429
351
351
359
383
499
499
429
383
296
359
499
286
286
337
323
672
337
285
323
286
301
301
286
672
286
672
449
448
358
448
449
449
444
448
448
312
341
449
449
592
625
398
398
658
327
592
658
625
592
455
361
421
361
256
421
455
421
339
421
361
455
421
272
297
374
438
378
374
511
374
374
438
332
438
438
374
378
336
363
363
430
430
336
430
286
336
430
363
336
430
430
430
278
363
363
425
640
432
432
640
432
270
432
640
604
432
260
315
325
325
250
334
279
335
334
335
325
334
335
315
325
315
334
533
235
243
533
533
243
433
433
399
433
533
433
399
543
543
543
543
262
543
543
543
307
307
543
307
307
304
648
648
648
373
648
304
342
648
648
648
402
405
375
375
375
375
269
375
402
375
281
405
295
375
903
264
903
280
903
903
903
280
273
280
330
273
280
903
314
279
332
314
332
332
291
332
305
231
305
314
332
332
305
305
261
222
314
314
261
332
261
332
305
336
336
336
437
437
533
437
437
533
498
437
533
498
251
498
425
425
585
424
425
424
266
330
585
585
387
585
585
1150
1150
317
324
324
1150
553
324
1150
285
345
540
345
327
540
345
345
327
285
540
322
540
234
540
540
238
540
540
285
262
246
209
296
290
290
262
264
209
209
296
296
296
264
264
262
262
296
296
264
296
209
296
264
264
296
296
205
296
493
555
525
525
555
525
493
493
493
493
555
329
525
525
555
525
402
424
542
598
598
598
598
542
598
598
398
421
330
226
312
312
317
312
312
312
317
421
292
292
312
292
421
330
420
357
357
420
420
317
420
357
420
396
396
495
396
299
302
541
264
348
302
541
541
541
348
310
302
230
541
264
541
410
457
410
374
374
457
410
293
410
410
323
457
374
302
599
427
427
516
427
599
599
516
326
230
516
599
516
516
443
429
429
443
443
315
429
329
429
429
329
443
329
429
286
385
379
362
379
754
385
414
754
414
754
441
441
414
345
345
345
663
380
345
309
283
663
380
663
380
372
372
663
335
335
198

